problem 0:
 8 -6  4
 3  5  2
 1  7 -9

problem 1: 
-8  4 -1
-2 -3  7
-5 -6 -9

problem 2: 
 6  3 -1
 2  7 -4
 9 -8 -5

problem 3: 
-1 -9 -6
 8  2 -4
-3  5 -7

problem 4: 
 7 -5  2
-3  4  8
-9  1 -6

problem 5: 
-3 -1  8
-9 -5  2
-6 -7  4

problem 6: 
-5  8 -4
 9  1 -7
-6 -2  3

problem 7: 
-6 -8 -5
-4 -3 -2
 9  1 -7

problem 8: 
 9 -2  1
-6  7  8
 5 -4 -3

problem 9: 
 3  6 -8
 7  9 -4
-5 -2  1

problem 10: 
 4  2  5
-1 -7 -8
 9 -6  3

problem 11: 
-4 -2 -3
 8  7  1
 6  9 -5

problem 12: 
-2  6  8
-5 -1  7
-3 -9  4

problem 13: 
-4 -9 -3
 1 -6 -8
 7 -5  2

problem 14: 
-9 -4  1
-6  2 -3
 5  7 -8

problem 15: 
-6 -1  4
-2  5 -9
-8  3  7

problem 16: 
 4 -3  1
-8 -9 -2
 6 -5 -7

problem 17: 
-3  2 -6
-5 -8 -4
-9 -7  1

problem 18: 
-2  3 -5
 7  4  8
-6  1  9

problem 19: 
 6 -3 -2
-5  8 -9
-1 -4  7

problem 20: 
-6 -4  7
-9 -8  5
-2  1  3

problem 21: 
 9 -3 -6
-5 -4 -7
 1  2  8

problem 22: 
-8 -7  2
-4  3  5
 1  9 -6

problem 23: 
-4  5  8
-2  6  1
-9  7 -3

problem 24: 
-2 -6  9
-8  7 -1
 4  5 -3

problem 25: 
-2 -8 -3
-9  6  7
 1 -4 -5

problem 26: 
 2 -5 -4
 8 -6 -9
-1 -3 -7

problem 27: 
-8  1  2
-6 -3 -7
 4 -5  9

problem 28: 
-7  4 -5
 6 -2 -1
-8  3  9

problem 29: 
 4 -6 -3
 5 -9  7
 1 -2  8

problem 30: 
 4 -7  5
-1 -3  9
 8 -6 -2

problem 31: 
 6 -5 -4
 3 -1 -7
-8 -2 -9

problem 32: 
 5  4 -3
 9  6  8
 1 -7  2

problem 33: 
-8 -1 -9
-3  5 -7
-4  6 -2

problem 34: 
 6  3 -1
 8 -2  4
-5  9 -7

problem 35: 
 8 -3  2
 9 -1  7
 6  4 -5

problem 36: 
 6  7 -1
-3  5  8
-9 -2  4

problem 37: 
-8  9 -2
-5 -1  7
 4  6 -3

problem 38: 
 1 -8  5
-6 -2  9
-3 -4 -7

problem 39: 
-4 -5 -8
-6 -1 -7
 2  3  9

problem 40: 
 7 -3 -6
-8  4  9
 1 -5  2

problem 41: 
 2 -5 -7
-1  8 -4
-3  6 -9

problem 42: 
-9 -4  3
-5 -1  2
 6 -7 -8

problem 43: 
 2  7  9
 4  5  6
-8 -1 -3

problem 44: 
-4 -5  6
 8  2 -9
 7 -3 -1

problem 45: 
 9  6  7
 8  2 -1
 5 -3  4

problem 46: 
 1  8  6
 4 -9 -3
 5  7 -2

problem 47: 
 3  1 -4
-5  2 -9
-7 -6 -8

problem 48: 
 5  2 -6
 4  3  9
-8 -1  7

problem 49: 
 7 -8 -2
 1 -5 -3
-9  6 -4

problem 50: 
-9  1 -5
 7  6  8
-2 -3 -4

problem 51: 
 4 -8  3
-9 -5  6
-1  7 -2

problem 52: 
 2 -5  4
-8  7 -9
 1 -6 -3

problem 53: 
-3  8  9
-7 -2  5
-4 -6  1

problem 54: 
-7  6 -1
-5  2 -9
 4 -3 -8

problem 55: 
 5  3  1
 6 -7 -2
-9  4 -8

problem 56: 
 5 -2 -9
 8  1 -3
 4 -7 -6

problem 57: 
 3 -2 -7
-9  6 -4
-8 -1 -5

problem 58: 
 5 -1  6
-4  7  2
 9 -8  3

problem 59: 
 2  8 -5
-7  6 -1
-4 -9 -3

problem 60: 
-2  4  7
-1 -6  3
 5 -8 -9

problem 61: 
 1  5  6
 2  8  7
 4 -9 -3

problem 62: 
-8  2 -7
 5 -4  6
 9 -1 -3

problem 63: 
 6  5 -8
-4  1 -7
-2  9 -3

problem 64: 
-3  7 -6
 5 -4 -9
 1 -8  2

problem 65: 
 4 -7 -2
 3  9  6
 1  5 -8

problem 66: 
-4 -8  1
 2  3 -6
 7  9  5

problem 67: 
 7  4  1
-8 -2  6
-9  5 -3

problem 68: 
 5 -6 -8
-7 -9 -4
-3 -1 -2

problem 69: 
 1 -3  8
 5  7  4
-6 -9  2

problem 70: 
-4  1 -9
-2  8 -7
-3  5 -6

problem 71: 
-3 -9 -2
-7 -6 -1
-4 -8 -5

problem 72: 
 7 -1 -3
 2  5  4
-6  8  9

problem 73: 
 2  1 -5
-9 -8 -6
 4  7 -3

problem 74: 
 5 -3 -2
 1  7  8
 6  9  4

problem 75: 
-8  9  1
 6  5  3
 2 -4  7

problem 76: 
 9 -2  1
 6 -4  8
 3  7  5

problem 77: 
-2  1  3
 4  6  8
-9 -7  5

problem 78: 
 5  4  8
-1 -9  3
 7  6  2

problem 79: 
-8 -5  7
 6 -2 -1
-9 -3 -4

problem 80: 
 9 -7 -8
 4 -2  6
-1 -5 -3

problem 81: 
-6  9  2
 4 -8 -5
-1 -7  3

problem 82: 
-1 -9 -5
 4  7 -6
-3  8  2

problem 83: 
-8  3  9
-1 -4  2
-6 -7 -5

problem 84: 
 6  7 -2
 8  4 -3
-1 -5  9

problem 85: 
 9 -8 -4
 7  1 -6
 3 -2 -5

problem 86: 
 3  1 -8
 6  5  2
 9 -4  7

problem 87: 
 4  5  3
-9  6 -1
 2  7  8

problem 88: 
 9 -3  4
-5 -6 -1
-8 -7  2

problem 89: 
-1 -8  4
 3  7 -9
 5 -6  2

problem 90: 
-9 -8  4
-1 -7 -3
-2  6 -5

problem 91: 
 1 -7  6
 2  8 -9
-4 -5 -3

problem 92: 
 4  1  5
-3  7 -8
-6  2  9

problem 93: 
 6  5 -2
 3 -8  9
 1  7  4

problem 94: 
-2  8  7
 6 -4  9
 1  3 -5

problem 95: 
 3 -4 -8
 1 -7 -5
-6  2 -9

problem 96: 
-6  7 -8
 4  1  9
-2 -3 -5

problem 97: 
-8 -9 -7
 5  2  6
-4  3 -1

problem 98: 
-9  5 -8
 3  2  7
-1 -4  6

problem 99: 
-5  4  9
-3 -8 -2
 6 -1 -7
