"Determine the maximum number of spins in an optimal solution to a 3x3 Spinpossible board that only allows 2x2 square, 3x1 row, and 1x3 column spins"

0	1	        
1	10	        
2	75	        
3	508	        
4	3141	        
5	17026	
6	73282	
7	211088	
8	278716	
9	139714	
10	13423	
11	294	        
12	2	        
total	737280	

If you are interested in the two boards that require 12 steps to solve, here they are: 

 -1  4 -7
  2 -5  8
 -3  6 -9

 -9  6 -3
  8 -5  2
 -7  4 -1



I run the program including the 1x2,1x3, and  3x3 spin:

0	1	        
1	11	        
2	85	        
3	583	        
4	3649	        
5	20167	
6	90308	
7	284370	
8	489804	
9	418430	
10	153137	
11	13717	
12	296	        
13	2	        
total	1474560	

185 794 560 / 1 474 560 = 126

and the two hardest ones are: 

  1 -4  7
 -2  5 -8
  3 -6  9

  9 -6  3
 -8  5 -2
  7 -4  1



All but excluding 1x1 spins: 

0	1	          
1	27	          
2	481	          
3	7253	          
4	99522	  
5	1241500	  
6	13142978	  
7	84140870	  
8	86625375	  
9	536553	  
total	185794560	  

So excluding single spins does not increase the lower bound of 9 spins. 

excluding 1x1 and 1x2 spins: 

0	1	  	  
1	15	  	  
2	161	  	  
3	1577   	  
4	14677	  
5	130305	  
6	1097267	  
7	8530820	  
8	52149572	  
9	111501265	  
10	12368367	  
11	533	  	  
total	185794560	  

and excluding 1x1, 1x2, 1x3, 2x2 spins:

0	1		
1	5		
2	16		
3	46		
4	110		
5	224		
6	437		
7	865		
8	1728		
9	3456		
10	6608		
11	12332	
12	23124	
13	42558	
14	73130	
15	110414	
16	140141	
17	142095	
18	104525	
19	49157	
20	12954	
21	1728		
22	106		
total	725760	

((2^9) * (9 !)) / 725 760 = 256, interesting :-) 

ok, now going the other direction: 

allowing just 1x1 and 1x2: 

0	1		  
1	21		  
2	232		  
3	1778		  
4	10510	  
5	50410	  
6	201375	  
7	678857	  
8	1942139	  
9	4721607	  
10	9744158	  
11	17026112	  
12	25090283	  
13	31018403	  
14	31950677	  
15	27182091	  
16	18886593	  
17	10562393	  
18	4663676	  
19	1583888	  
20	399193	  
21	71085	  
22	8410		  
23	634		  
24	33		  
25	1		  
total	185794560	  

and just allowing the 1x2 spins:

0	1		
1	12		
2	88		
3	470		
4	1978		
5	6658		
6	18081	
7	38936	
8	65246	
9	83000	
10	76688	
11	48316	
12	18975	
13	4024		
14	382		
15	24		
16	1		
total	362880	

((9 !) * (2^9)) / 362 880 = 512.

And now allowing 1x2, 1x3, 2x2: 

0	1	          
1	22	          
2	323	          
3	3986	          
4	44339	  
5	446596	  
6	3913213	  
7	25795964	  
8	86926235	  
9	66086622	  
10	2577133	  
11	126	          
total	185794560	  

and allowing just 1x3, 2x2 and 2x3: 

0	1	         
1	14	         
2	147	         
3	1430	         
4	13297	 
5	118294	 
6	999080	 
7	7806361	 
8	48474399	 
9	112189910	 
10	16186620	 
11	5005	         
12	2	         
total	185794560	 

allowing 1x2, 2x3:

0	1	
1	16	
2	160	
3	1234	
4	7877	
5	38996	
6	118610	
7	139578	
8	54792	
9	1616	
total	362880	

((9 !) * (2^9)) / 362 880 = 512 

allowing 1x2, 2x2:

0	1	
1	16	
2	164	
3	1362	
4	10018	
5	66662	
6	401447	
7	2140370	
8	9359963	
9	27781548	
10  38604340	
11	13930750	
12	598787	
13	1839	
14	13	
total	92897280	

((9 !) * (2^9)) / 92 897 280 = 2
